213100.72406035403	-600190.3816924073	770499.2574264166	-591113.2843075942	207703.6845132308
-600190.3816924073	1.6941419880877966e6	-2.1817069563893816e6	1.6788686343015865e6	-591113.2843075942
770499.2574264166	-2.1817069563893816e6	2.822415397925929e6	-2.1817069563893816e6	770499.2574264166
-591113.2843075942	1.6788686343015865e6	-2.1817069563893816e6	1.6941419880877966e6	-600190.3816924073
207703.6845132308	-591113.2843075942	770499.2574264166	-600190.3816924073	213100.72406035403