project = advection
scheme = RK
stages = 0
M = 4
M_sub = 4
N = 80
xRange = 1.0
xMin = 0.0
boundary = periodic
tEND = 1.4142135623730950488016887242096980
tEND2 = 141.42135623730950488016887242096980
tENDs = 8
CFL_sub = 0.3
iterEXTRA = 0
eps = 1e-16
output = 1
Npoly = 3
shape = gauss
kappa = 100
conv_N_start = 20
conv_N_end = 320
conv_M_start = 5
conv_M_end = 5
change_M = 1
change_N = 2
WENO_R = 4
WENO_eps = 1e-10
WENO_lam = 1e5
