-0.633347232581769587263616692171	0.923819066851003025597898498196	-0.40083774603775224661843915012	0.110365911768518808284157344096	0.313613263932658281426143784728	-0.457445612665498712786085623799	0.198482013302362782947666264164	-0.0546496645695223515877244250929	-0.220472412601561312606580715749	0.321587603131537496000001477093	-0.139534303434894221501365855583	0.0384191129049180381079450942391	0.0775125386613061985797806951072	-0.113062088932543251126233977409	0.0490567412128871298867399571196	-0.0135071909416500773402866748174
-0.143996694123767639914334115918	-0.0730695600867391505717865868966	0.279545274595098884557624847043	-0.0624790203845920940715041442279	0.0713025508228411253509911176498	0.0361817057911707149153622519458	-0.138421866351806442129822827982	0.0309376097377946018634694583861	-0.0501262134369827196548658661074	-0.0254360031453650328217462235926	0.0973115819423593500646227112536	-0.0217493653600115975880106215536	0.017623112166875676184293608715	0.00894265706048816964044361312018	-0.0342122974411837101306835095298	0.00764652821381986430594628769471
0.0624790203845920940715041442279	-0.279545274595098884557624847043	0.0730695600867391505717865868966	0.143996694123767639914334115918	-0.0309376097377946018634694583861	0.138421866351806442129822827982	-0.0361817057911707149153622519458	-0.0713025508228411253509911176498	0.0217493653600115975880106215536	-0.0973115819423593500646227112536	0.0254360031453650328217462235926	0.0501262134369827196548658661074	-0.00764652821381986430594628769471	0.0342122974411837101306835095298	-0.00894265706048816964044361312018	-0.017623112166875676184293608715
-0.110365911768518808284157344096	0.40083774603775224661843915012	-0.923819066851003025597898498196	0.633347232581769587263616692171	0.0546496645695223515877244250929	-0.198482013302362782947666264164	0.457445612665498712786085623799	-0.313613263932658281426143784728	-0.0384191129049180381079450942391	0.139534303434894221501365855583	-0.321587603131537496000001477093	0.220472412601561312606580715749	0.0135071909416500773402866748174	-0.0490567412128871298867399571196	0.113062088932543251126233977409	-0.0775125386613061985797806951072
-1.18090440876024746791995781436	1.72250221177097977391472783969	-0.747380010746931129769653124447	0.205782207736198823774883099119	-1.27065290247667710045449609931	1.85341202782625193467327411438	-0.804180738816635693056958578644	0.221421613467060858838180563575	0.369974186793749425918423556845	-0.539655327156786602487245554816	0.234152154611981064394594518553	-0.064471014248943887825772520582	-0.117600194329070099508048329766	0.171535133016550759354614852712	-0.0744277300088781673766852038385	0.0204927913213975075301186808923
-0.26848831445032618340418123046	-0.136241482102728953717570063338	0.521224740924127971480390205494	-0.116494944371072834358638911696	-0.288893371475794573258863641626	-0.14659580689795148161489067098	0.5608377147081678218690246728	-0.125348536334421766995270360195	0.0841166694488572250649490952081	0.0426840912563363375450384727412	-0.163298314605020800885375709222	0.0364975538998272382753881412728	-0.0267373698668722567291825096238	-0.0135675882417797921816873967087	0.0519060902534417437825974906519	-0.0116011321447896948717275843194
0.116494944371072834358638911696	-0.521224740924127971480390205494	0.136241482102728953717570063338	0.26848831445032618340418123046	0.125348536334421766995270360195	-0.5608377147081678218690246728	0.14659580689795148161489067098	0.288893371475794573258863641626	-0.0364975538998272382753881412728	0.163298314605020800885375709222	-0.0426840912563363375450384727412	-0.0841166694488572250649490952081	0.0116011321447896948717275843194	-0.0519060902534417437825974906519	0.0135675882417797921816873967087	0.0267373698668722567291825096238
-0.205782207736198823774883099119	0.747380010746931129769653124447	-1.72250221177097977391472783969	1.18090440876024746791995781436	-0.221421613467060858838180563575	0.804180738816635693056958578644	-1.85341202782625193467327411438	1.27065290247667710045449609931	0.064471014248943887825772520582	-0.234152154611981064394594518553	0.539655327156786602487245554816	-0.369974186793749425918423556845	-0.0204927913213975075301186808923	0.0744277300088781673766852038385	-0.171535133016550759354614852712	0.117600194329070099508048329766
-1.18688186225154442968537903704	1.7312211028032576945925098598	-0.751163068225101491902669609254	0.206823827673388226995538786493	-2.17456400211639342677434598194	3.17188357965010217805334696926	-1.37625505944029405568299520471	0.378935481906585304403994217391	-1.27065290247667710045449609931	1.85341202782625193467327411438	-0.804180738816635693056958578644	0.221421613467060858838180563575	0.167281612912296791864905034703	-0.244001924366215311825398051396	0.105870494452137377587433730307	-0.029150182998218857626940713614
-0.269847337586050091089987264485	-0.136931103647718687283433086769	0.523863054935215574755722511165	-0.117084613701446796382302159911	-0.49440498253836298192116031492	-0.250880444156025234574153374925	0.959803816649284293662099109779	-0.214518389954896077166785419934	-0.288893371475794573258863641626	-0.14659580689795148161489067098	0.5608377147081678218690246728	-0.125348536334421766995270360195	0.0380328483458756884910973561299	0.0192993562414020807882163883915	-0.073834355011950954040209634019	0.0165021504246731847608958894976
0.117084613701446796382302159911	-0.523863054935215574755722511165	0.136931103647718687283433086769	0.269847337586050091089987264485	0.214518389954896077166785419934	-0.959803816649284293662099109779	0.250880444156025234574153374925	0.49440498253836298192116031492	0.125348536334421766995270360195	-0.5608377147081678218690246728	0.14659580689795148161489067098	0.288893371475794573258863641626	-0.0165021504246731847608958894976	0.073834355011950954040209634019	-0.0192993562414020807882163883915	-0.0380328483458756884910973561299
-0.206823827673388226995538786493	0.751163068225101491902669609254	-1.7312211028032576945925098598	1.18688186225154442968537903704	-0.378935481906585304403994217391	1.37625505944029405568299520471	-3.17188357965010217805334696926	2.17456400211639342677434598194	-0.221421613467060858838180563575	0.804180738816635693056958578644	-1.85341202782625193467327411438	1.27065290247667710045449609931	0.029150182998218857626940713614	-0.105870494452137377587433730307	0.244001924366215311825398051396	-0.167281612912296791864905034703
-1.12892292592633222930102745723	1.64668047845511011596689148182	-0.714481563666156048111435864111	0.196724011137378161445571839515	-2.22512138807705577008553694616	3.24562808300920547934601644111	-1.40825221296289383940582522013	0.38774551803074413014534572518	-2.21391508353003940049894074653	3.22928223467057518235271734879	-1.4011598793661590994427930319	0.385792728225623317589016429634	-0.633347232581769587263616692171	0.923819066851003025597898498196	-0.40083774603775224661843915012	0.110365911768518808284157344096
-0.256669897476713239087879025318	-0.130244354637835220891344597751	0.498281279351820276993934388737	-0.111367027237271817014710765668	-0.505899619393723122957674316485	-0.256713272912885921492285024421	0.982118713776997048048825337131	-0.219505821470388003598865996224	-0.50335177403323018611238943802	-0.255420396428511620860227248075	0.977172502093049180531147525753	-0.218400331631307373558530839658	-0.143996694123767639914334115918	-0.0730695600867391505717865868966	0.279545274595098884557624847043	-0.0624790203845920940715041442279
0.111367027237271817014710765668	-0.498281279351820276993934388737	0.130244354637835220891344597751	0.256669897476713239087879025318	0.219505821470388003598865996224	-0.982118713776997048048825337131	0.256713272912885921492285024421	0.505899619393723122957674316485	0.218400331631307373558530839658	-0.977172502093049180531147525753	0.255420396428511620860227248075	0.50335177403323018611238943802	0.0624790203845920940715041442279	-0.279545274595098884557624847043	0.0730695600867391505717865868966	0.143996694123767639914334115918
-0.196724011137378161445571839515	0.714481563666156048111435864111	-1.64668047845511011596689148182	1.12892292592633222930102745723	-0.38774551803074413014534572518	1.40825221296289383940582522013	-3.24562808300920547934601644111	2.22512138807705577008553694616	-0.385792728225623317589016429634	1.4011598793661590994427930319	-3.22928223467057518235271734879	2.21391508353003940049894074653	-0.110365911768518808284157344096	0.40083774603775224661843915012	-0.923819066851003025597898498196	0.633347232581769587263616692171